recognized=NOPQRSTUVWXYZ
0	(10, 9, 46, 79)	N	0.7620	26ms
	contour_H_0=0.5794
	contour_H_1=0.3065
	contour_M_0=0.1226
	contour_M_1=0.3000
	contour_N_0=0.0675
	contour_N_1=0.3918
1	(74, 10, 48, 78)	O	0.9002	25ms
2	(140, 8, 47, 80)	P	0.9169	25ms
3	(204, 10, 48, 80)	Q	0.8535	26ms
4	(267, 8, 53, 84)	R	0.8445	26ms
5	(334, 11, 48, 80)	S	0.8127	29ms
6	(399, 8, 45, 83)	T	0.9365	28ms
7	(462, 12, 47, 81)	U	0.8448	29ms
8	(530, 12, 47, 82)	V	0.9220	38ms
9	(592, 13, 53, 80)	W	0.8936	27ms
10	(659, 13, 44, 80)	X	0.8582	27ms
11	(723, 12, 44, 82)	Y	0.9357	29ms
12	(787, 10, 50, 83)	Z	0.8758	26ms
