recognized=NOPQRSTUVWXYZ
0	(10, 10, 45, 77)	N	0.7790	25ms
	contour_H_0=0.5032
	contour_H_1=0.2286
	contour_M_0=0.0447
	contour_M_1=0.1927
	contour_N_0=0.0291
	contour_N_1=0.2999
1	(74, 10, 48, 77)	O	0.8569	25ms
2	(141, 9, 45, 78)	P	0.9318	25ms
3	(205, 11, 46, 78)	Q	0.8885	25ms
4	(268, 9, 51, 81)	R	0.8614	33ms
5	(335, 11, 46, 79)	S	0.8986	29ms
6	(399, 8, 45, 82)	T	0.9224	29ms
7	(463, 12, 45, 80)	U	0.8890	29ms
8	(531, 13, 45, 81)	V	0.9201	26ms
9	(592, 14, 52, 79)	W	0.8893	25ms
10	(660, 14, 43, 78)	X	0.8850	26ms
11	(723, 12, 43, 80)	Y	0.9467	26ms
12	(788, 10, 48, 82)	Z	0.9246	26ms
